1. 
  a.
        0  1  2  3  4  5  6  7
    0 [ 0  0  1  0  0  1  0  0 ]
    1 [ 1  0  0  0  1  0  0  1 ]
    2 [ 0  0  0  1  0  0  0  0 ]
    3 [ 1  0  0  0  0  0  1  0 ]
    4 [ 0  0  0  1  0  0  0  0 ]
    5 [ 0  1  0  0  0  0  0  1 ]
    6 [ 0  0  0  0  1  0  0  0 ]
    7 [ 0  0  1  0  1  0  1  0 ]
  b. 
    row_ptrs = [0, 2, 5, 6, 8, 9, 11, 12, 15]
    col_idx = [2, 5, 0, 4, 7, 3, 0, 6, 3, 2, 7, 4, 2, 4, 6]
  c. 
    i. 
      1. 1 -> 2 -> 3 -> 2
      2. 1 -> 2 -> 3 -> 2
    ii. 
      1. 7 -> 5 -> 2
      2. 7 -> 5 -> 2
      3. 2 -> 3 -> 2
    iii. 
      1. 2 -> 3 -> 7
      2. 2 -> 3 -> 2
    iv. 
      1. 1 -> 2 -> 3 -> 2
      2. 1 -> 2 -> 3 -> 2
2. attached
3. attached